-0.000000000000
0.378861788618
-0.000000000000
-0.000000000000
-0.000000000000
-0.000000000000
-0.000000000000
-0.000000000000
0.000000000000
-0.000000000000
0.000000000000
0.000000000000
-0.000000000000
-0.000000000000
-0.000000000000
0.000000000000
-0.000000000000
-0.003071364047
-0.003794037940
-0.005040650407
-0.008292682927
-0.010433604336
-0.010852969547
-0.011007637349
-0.011425667828
-0.012456445993
-0.013045944413
-0.013550135501
-0.013679421198
-0.014505709038
-0.015873650540
-0.016102806189
-0.016103469092
-0.016585365854
-0.016598696731
-0.016716797205
-0.016899301610
-0.016996042433
-0.017068628787
-0.017186000654
-0.017863348680
-0.017941726001
-0.017996033493
-0.018680135575
-0.018817860405
-0.018937839948
-0.018973944936
-0.019100845081
-0.019149740730
-0.019174479398
-0.019246382614
-0.019479054288
-0.020029131088
-0.020097957263
-0.020206824262
-0.020435611764
-0.020488126935
-0.020511177107
-0.020520299773
