-0.000000000000
0.798245614035
-0.000000000000
-0.000000000000
-0.000000000000
-0.000000000000
-0.000000000000
-0.000000000000
-0.000000000000
-0.000000000000
-0.000000000000
-0.000000000000
-0.000000000000
-0.000000000000
-0.000000000000
-0.000000000000
-0.000000000000
-0.000000000000
-0.000000000000
-0.000000000000
-0.000000000000
0.000000000000
-0.000000000000
0.000000000000
0.000000000000
-0.000000000000
-0.000000000000
-0.000000000000
-0.000000000000
0.000000000000
0.000000000000
0.000000000000
-0.000000000000
-0.000000000000
0.000000000000
-0.000000000000
-0.000000000000
-0.000159998720
-0.000431532551
-0.001018515035
-0.001308222724
-0.001550512847
-0.002435775956
-0.002648401734
-0.002936513447
-0.003427108405
-0.003740550563
-0.004084603230
-0.004938094193
-0.005193604642
-0.005704742476
-0.005949866216
-0.007003733519
-0.007448985879
-0.007602132187
-0.007976449990
-0.008016670581
-0.008197379177
-0.008459698471
-0.008572490837
-0.008823650600
-0.008958774087
-0.009259352582
-0.009355654092
-0.009594013582
-0.009783230131
-0.010070972137
-0.010282069714
-0.010493984406
-0.010546615761
-0.010677881473
-0.011231469705
-0.011281363076
-0.011289657519
-0.011307625024
-0.011327557624
-0.011369067350
-0.011475252169
-0.011489805660
-0.011489879274
-0.011545101352
-0.011677759827
-0.011748435289
-0.011821031264
-0.011822213381
-0.011838694982
-0.011861671924
-0.011914347237
-0.011991916794
-0.012010636211
-0.012090408399
-0.012251552323
-0.012348681949
-0.012381339668
-0.012421123243
-0.012525544237
-0.012614457871
-0.012641422874
-0.012686483183
-0.012782802072
-0.012856982248
-0.012857571396
-0.012991260721
-0.012997435203
-0.013019424379
-0.013034257007
-0.013085895544
-0.013129158542
-0.013132991467
-0.013207365297
-0.013252342519
-0.013294427470
-0.013362509662
-0.013379483429
-0.013398014858
