-0.000000000000
0.783625730994
-0.000000000000
-0.000000000000
-0.000000000000
-0.000000000000
-0.000000000000
-0.000000000000
-0.000000000000
-0.000000000000
0.000000000000
-0.000000000000
0.000000000000
-0.000000000000
0.000000000000
-0.000000000000
0.000000000000
-0.000000000000
-0.000000000000
-0.000000000000
-0.000000000000
-0.000000000000
-0.000000000000
-0.000000000000
-0.000000000000
0.000000000000
-0.000000000000
-0.000000000000
-0.000000000000
0.000000000000
-0.000000000000
-0.000000000000
0.000000000000
-0.000000000000
0.000000000000
0.000000000000
0.000000000000
-0.000000000000
-0.000000000000
-0.000879097639
-0.001941477318
-0.002298503373
-0.003180520010
-0.003511232499
-0.004416851989
-0.004653909647
-0.005014715045
-0.005240563530
-0.005615565732
-0.006036793339
-0.006101790859
-0.006453130848
-0.006662790979
-0.006972900314
-0.007143370573
-0.007326581552
-0.007716772639
-0.008044636688
-0.008207400434
-0.008552454919
-0.008753308137
-0.008848888197
-0.009093315532
-0.009792973176
-0.009885071707
-0.010156266725
-0.010210214251
-0.010212772296
-0.010319385578
-0.010457630661
-0.010596083538
-0.010650160005
-0.010821123764
-0.010921340090
-0.010971151054
-0.011022373815
-0.011062672779
-0.011142983284
-0.011161246315
-0.011244603854
-0.011334137628
-0.011449472761
-0.011502147980
-0.011874547127
-0.012009420904
-0.012096220154
-0.012173445676
-0.012259295682
-0.012329772851
-0.012390425515
-0.012452282764
-0.012600536874
-0.012653073244
-0.012695358144
-0.012772721618
-0.012798888703
-0.012853518308
-0.012897000633
-0.012915030109
-0.012968740641
-0.013322046276
-0.013380111674
-0.013472398292
-0.013563471620
-0.013665547023
-0.013697049367
-0.013729786070
-0.013730703186
-0.013789741620
-0.013868007415
-0.013898131062
-0.013933200864
-0.013950688649
-0.013975893589
-0.014014251735
-0.014027499946
-0.014070790560
-0.014145878111
-0.014232570878
-0.014287750664
-0.014303261216
-0.014354696776
-0.014413405481
-0.014652837315
-0.014695306770
-0.014730614029
-0.014803804870
-0.014818165655
-0.014839757822
-0.014854582986
-0.014876968618
-0.014914941232
-0.014914941232
-0.014921768028
-0.014930286422
-0.014946000352
