1417
1547
1306
2016
1664
2343
2681
2631
2609
2526
2819
2736
4217
4025
4066
5331
2977
4394
5052
4598
4440
5215
4489
6597
7253
6528
6470
5657
5532
6126
5796
5914
6347
4854
4975
6185
5665
6337
4668
3234
3003
3901
4136
3457
7305
7465
7186
6512
7155
6168
7838
6471
7508
6636
7562
8476
7282
8007
8461
8976
8312
9330
8556
9572
10396
9169
10959
10941
9308
9225
8171
9902
9444
10389
9633
9978
9831
9814
10865
9328
10279
10814
11081
10747
12382
11496
12379
11059
10221
10032
9801
10209
10345
11930
10809
13414
13643
12091
13913
12109
13282
13920
14536
13389
13974
13413
11994
12931
12846
13767
13641
10720
12637
12575
14037
14804
15350
15279
14218
13732
15305
14609
14949
13886
13280
13573
11867
11873
12692
11194
13900
13291
13155
12994
13233
14202
