-0.000000000000
0.783625730994
-0.000000000000
-0.000000000000
-0.000000000000
-0.000000000000
-0.000000000000
-0.000000000000
-0.000000000000
-0.000000000000
-0.000000000000
-0.000000000000
-0.000000000000
-0.000000000000
-0.000000000000
-0.000000000000
-0.000000000000
-0.000000000000
-0.000000000000
-0.000000000000
-0.000000000000
-0.000000000000
-0.000000000000
-0.000000000000
-0.000000000000
-0.000000000000
-0.000000000000
0.000000000000
-0.000000000000
0.000000000000
0.000000000000
-0.000000000000
-0.000000000000
-0.000000000000
-0.000000000000
-0.000000000000
-0.000000000000
-0.000000000000
-0.000000000000
-0.000000000000
-0.000000000000
-0.000000000000
-0.000000000000
-0.000000000000
0.000000000000
-0.000000000000
-0.000000000000
0.000000000000
-0.000000000000
0.000000000000
-0.000000000000
-0.000000000000
-0.000000000000
0.000000000000
-0.000000000000
-0.000000000000
-0.000000000000
-0.000000000000
0.000000000000
-0.000424448217
-0.000542350500
-0.000652038417
-0.000826585695
-0.002244668911
-0.002318506704
-0.002323497944
-0.002341582910
-0.002461084544
-0.002708701704
-0.002897993536
-0.002977475888
-0.003053968810
-0.003077675679
-0.003221316293
-0.003501171016
-0.003553795099
