-0.000000000000
0.783625730994
-0.000000000000
-0.000000000000
-0.000000000000
-0.000000000000
-0.000000000000
-0.000000000000
-0.000000000000
-0.000000000000
-0.000000000000
-0.000000000000
0.000000000000
-0.000000000000
-0.000000000000
-0.000000000000
-0.000000000000
-0.000000000000
0.000000000000
-0.000000000000
-0.000000000000
0.000000000000
0.000000000000
-0.000000000000
-0.000000000000
0.000000000000
-0.000000000000
-0.000000000000
-0.000000000000
0.000000000000
-0.000000000000
0.000000000000
-0.000000000000
-0.000000000000
-0.000000000000
-0.000000000000
0.000000000000
0.000000000000
0.000000000000
-0.000173342363
-0.001205869983
-0.002188657047
-0.003236338076
-0.004063535566
-0.004225208245
-0.005086334206
-0.005419855317
-0.005701358765
-0.005973014486
-0.006341352476
-0.006491953211
-0.006651289825
-0.006966070970
-0.007156205472
-0.007913891832
-0.008062940924
-0.008166052774
-0.008185193796
-0.008340602881
-0.008426843844
-0.008708917052
-0.009423150765
-0.009449398350
-0.009766831788
-0.009787786010
-0.010011139161
-0.010179484891
-0.010269870234
-0.010442276782
-0.010510143532
-0.010684153493
-0.010918197043
-0.010941864284
-0.010949164902
-0.011084423672
-0.011136400303
-0.011158093112
-0.011247975626
-0.011283737795
-0.011363825533
-0.011472385953
-0.011577909716
-0.011701919288
-0.011737026293
-0.011838880806
-0.012123311783
-0.012152359343
-0.012268663527
-0.012293833493
-0.012390834413
-0.012462085547
-0.012509628585
-0.012540362465
-0.012583337187
-0.012708298460
-0.012763911111
-0.012939704217
-0.013040412866
-0.013145448110
-0.013167041938
-0.013231107516
-0.013307362759
-0.013309008528
-0.013314706800
-0.013399527398
-0.013497480567
-0.013531157996
-0.013580639071
-0.013599085381
-0.013613639003
-0.013628764508
-0.013735810509
-0.013820523058
-0.013845531403
-0.013958658921
-0.014023782409
-0.014053545344
-0.014081127855
-0.014116876313
-0.014131142018
-0.014176884386
-0.014203949525
-0.014234799470
-0.014248042930
-0.014266254801
-0.014341556370
-0.014409545840
-0.014432066786
-0.014459158971
-0.014498783202
-0.014505400963
-0.014566327876
-0.014605929634
-0.014625226513
-0.014669597117
-0.014684563401
-0.014699185749
