7995
4762
8629
6489
10191
12390
9616
10026
9835
9551
7511
8820
10408
9474
8989
7372
9659
10864
7464
10748
9063
10481
10791
10643
7926
11398
9967
10597
10498
11219
11636
10556
9427
9343
9605
11641
11353
9134
11553
11108
9262
10864
10833
11698
10602
10654
9168
10347
11224
9453
10365
11077
11173
11358
9645
11041
11261
12325
11653
11217
11883
9096
11635
10927
10189
10461
11693
10965
12153
11124
10430
11174
9812
11349
11866
11324
10349
10760
11029
11048
12292
10109
12284
12126
12154
12277
11664
12359
11244
10569
11514
10638
10246
11705
10726
11044
10855
11579
10412
10557
9300
10629
11579
10791
11105
11323
10067
11993
11398
10230
9112
11091
9835
10330
11794
11334
9191
10682
10593
9925
11358
10239
10500
10927
10326
10243
10184
10700
10737
9886
10727
9549
10507
10694
10526
10715
11083
