239
165
264
254
310
411
321
361
324
290
259
303
329
331
351
267
365
475
308
461
405
442
452
436
326
454
420
438
430
434
423
404
369
374
358
442
416
338
424
421
351
431
431
463
443
451
423
425
478
414
450
472
503
519
399
522
519
540
532
513
557
442
503
507
488
520
546
540
530
533
521
500
433
534
571
511
513
546
526
534
529
487
559
597
510
576
551
550
536
516
564
520
474
540
513
545
522
515
512
528
483
525
565
544
520
556
496
571
572
513
518
557
512
531
563
562
552
537
527
531
570
542
547
562
536
571
568
565
547
540
563
544
556
571
529
541
586
